1 1138
0 1228
1 1087
0 1216
1 1428
0 2000
1 1029
0 1690
1 1029
0 1779
1 1029
0 1868
1 1027
0 1955
1 1027
0 2040
1 1033
0 1085
1 1048
0 1097
1 1042
0 1134
1 1033
0 1135
1 1091
0 1083
1 1078
0 1081
1 1041
0 1086
1 1041
0 1083
1 1032
0 1091
1 1030
0 1085
1 1031
0 1085
1 1031
0 1085
1 1041
0 1082
1 1040
0 1084
1 1038
0 1083
1 1037
0 1082
1 1039
0 1085
1 1034
0 1082
1 1031
0 1085
1 1031
0 1085
1 1033
0 1084
1 1031
0 1089
1 1032
0 1093
1 1040
0 1080
1 1037
0 1082
1 1034
0 1084
1 1033
0 1085
1 1035
0 1141
1 1037
0 1143
1 1093
0 1081
1 1065
0 1086
1 1033
0 1085
1 1035
0 1084
1 1044
0 1084
1 1041
0 1098
1 1036
0 1081
1 1035
0 1083
1 1037
0 1085
1 1032
0 1082
1 1031
0 1082
1 1034