0 1083
1 1091
0 22
1 3
0 1026
1 1005
0 1028
0 66
1 1036
0 1036
1 978
0 1035
0 93
1 1031
0 1037
1 937
0 1029
0 124
1 1028
0 1036
1 903
0 1028
0 154
1 1029
0 1031
1 879
0 1027
0 177
1 1027
0 1029
1 856
0 1029
0 205
1 1040
0 1043
1 828
0 1034
0 238
1 1032
0 1568
1 263
0 1031
0 815
1 1034
0 1033
1 216
0 1029
0 844
1 1032
0 1031
1 188
0 1033
0 888
1 1036
0 1031
1 145
0 1026
0 911
1 1034
0 1039
1 119
0 1039
0 951
1 1091
0 1035
1 151
0 1086
0 1006
1 1029
0 10
1 17
0 1028
1 1021
0 1030
0 43
1 1030
0 1030
1 987
0 1027
0 69
1 1026
0 1027
1 957
0 1029
0 100
1 1026
0 1042
1 927
0 1042
0 151
1 1032
0 1035
1 877
0 1036
0 190
1 1030
0 1030
1 844
0 1029
0 214
1 1028
0 1032
1 815
0 1028
0 247
1 1027
0 1029
1 780
0 1027
0 276
1 1028
0 1030
1 761
0 1093
0 597
1 1036
0 1037
1 435
0 1036
0 633
1 1028
0 1032
1 395
0 1034
0 1215
1 1574
0 1038
1 353
0 1033
0 709
1 1032
0 1035
1 319
0 1026
0 739
1 1028
0 1034
1 287
0 1039
0 1360
1 1656
0 1091
1 242
0 1072
0 862
1 1036
0 1027
1 180
0 1037
0 887
1 1034
0 391
1 1045