0 2059
1 2062
0 62
1 1060
0 1031
1 2006
0 2038
0 186
1 1155
0 1041
1 1943
0 2018
0 224
1 1141
0 1037
1 1831
0 1951
0 325
1 1192
0 1038
1 1718
0 1888
0 396
1 1225
0 1031
1 1654
0 1858
0 463
1 1260
0 1040
1 1642
0 1876
0 559
1 1324
0 1041
1 1524
0 1797
0 622
1 1347
0 1036
1 1447
0 1757
0 677
1 1369
0 1033
1 1383
0 1723
0 741
1 1399
0 1028
1 1340
0 1711
0 836
1 1457
0 1041
1 1239
0 1655
0 894
1 1479
0 1035
1 1167
0 1616
0 974
1 1527
0 1034
1 1101
0 1579
0 1027
1 1552
0 1038
1 1035
0 1543
0 1098
1 1588
0 1044
1 964
0 1521
0 1190
1 1631
0 1036
1 877
0 1473
0 1260
1 1662
0 1031
1 802
0 1432
0 1336
1 1702
0 1033
1 740
0 1398
0 1387
1 1721
0 1033
1 669
0 1367
0 1485
1 1784
0 1042
1 601
0 1333
0 1549
1 1814