0 225
1 1243
0 1107
1 1952
0 2001
0 1036
1 66
0 1133
1 1814
0 1967
0 302
1 1265
0 1047
1 1790
0 1939
0 130
1 1165
0 1140
1 1866
0 2015
0 1341
1 1982
0 1041
1 1330
0 1720
0 757
1 1467
0 1046
1 1312
0 1683
0 706
1 1388
0 1032
1 1385
0 1759
0 688
1 1391
0 1031
1 1353
0 1725
0 721
1 1445
0 1030
1 1467
0 1789
0 725
1 1416
0 1049
1 1123
0 1699
0 1123
1 1652
0 1034
1 919
0 1548
0 1152
1 1652
0 1038
1 984
0 1578
0 1145
1 1665
0 1030
1 1092
0 1583
0 970
1 1557
0 1041
1 1218
0 1667
0 950
1 1569
0 1048
1 1182
0 1641
0 788
1 1476
0 1032
1 1342
0 1759
0 881
1 1486
0 1031
1 1153
0 1669
0 912
1 1594
0 1028
1 1390
0 1757
0 879
1 1489
0 1037
1 1162
0 1641
0 917
1 1498
0 1033
1 1115
0 1652
0 1110
1 1609
0 1031
1 934
0 1576
0 1290
1 1707
0 1059
1 686
0 1434
0 1533
1 1818
0 1041