1 1032
0 1039
0 44
1 1038
0 1032
1 993
0 1043
0 92
1 1040
0 1047
1 932
0 1040
0 151
1 1034
0 1036
1 881
0 1041
0 195
1 1032
0 1035
1 836
0 1031
0 226
1 1029
0 1035
1 1062
0 1297
0 300
1 1055
0 1034
1 752
0 1039
0 323
1 1033
0 1043
1 704
0 1043
0 443
1 1111
0 1038
1 663
0 1033
0 412
1 1034
0 1034
1 625
0 1031
0 439
1 1031
0 1037
1 590
0 1030
0 470
1 1031
0 1030
1 563
0 1030
0 497
1 1030
0 1038
1 544
0 1041
0 529
1 1041
0 1038
1 510
0 1037
0 564
1 1035
0 1038
1 475
0 1034
0 590
1 1033
0 1034
1 441
0 1030
0 621
1 1043
0 1039
1 419
0 1053
0 676
1 1037
0 1035
1 363
0 1068
0 770
1 1069
0 1041