1 1103
0 1106
0 45
1 1037
0 1037
1 988
0 1032
0 75
1 1033
0 1038
1 956
0 1037
0 125
1 1044
0 1044
1 909
0 1037
0 162
1 1038
0 1035
1 872
0 1032
0 203
1 1031
0 1033
1 947
0 1150
0 234
1 1028
0 1044
1 780
0 1032
0 286
1 1030
0 1470
1 306
0 1029
0 938
1 1216
0 1041
1 323
0 1040
0 826
1 1136
0 1037
1 308
0 1032
0 808
1 1029
0 1075
1 182
0 1040
0 892
1 1039
0 1034
1 153
0 1035
0 933
1 1059
0 1030
1 128
0 1027
0 929
1 1028
0 1036
1 111
0 1039
0 965
1 1037
0 1035
1 76
0 1033
0 990
1 1037
0 1037
1 68
0 1030
0 993
1 1029
0 1033
1 31
0 1032
1 1028
0 1031
0 35
1 1028
0 1029
1 1002
0 1028
0 61
1 1026
0 1089
1 915
0 1073
0 185
1 1085
0 1035
1 930
0 1040
0 144
1 1029
0 1033