1 1239
2 2327
0 2327
1 1059
2 1091
1 1296
2 1088
0 1088
1 1044
2 1089
1 1269
2 1085
0 1085
1 1053
2 1140
1 1372
2 1103
0 1103
1 1049
2 1096
1 1292
2 1088
0 1088
1 1095
2 1105
1 1348
2 1086
0 1086
1 1051
2 1102
1 1295
2 1092
0 1092
1 1045
2 1099
1 1311
2 1092
0 1092
1 1056
2 1087
1 1321
2 1083
0 1083
1 1070
2 1085
1 1275
2 1102
0 1102
1 1043
2 1095
1 1288
2 1102
0 1102
1 1074
2 1153
1 1373
2 1120
0 1120
1 1079
2 1107
1 1303
2 1089
0 1089
1 1052
2 1098
1 1344
2 1094
0 1094
1 1050
2 1111
1 1344
2 1095
0 1095
1 1051
2 1087
1 1278
2 1095
0 1095
1 1055
2 1091
1 1325
2 1089
0 1089
1 1048
2 1091
1 1283
2 1090
0 1090
1 1046
2 1104
1 1321
2 1142
0 1142
1 1051
2 1182
1 1441
2 1100
0 1100
1 1048
 2 1088
1 1292
2 1086
0 1086
1 1048
2 1090
1 1379
2 1105
0 1105
1 1053
2 1098
1 1296
2 1093
0 1093
1 1059
2 1090
1 1293
2 1099
0 1099
1 1070
2 1150
1 1342
2 1095
0 1095
1 1047
2 1091