2 1090
1 1102
0 2143
2 1206
1 1220
0 2258
2 992
1 1010
0 2054
2 1145
1 1170
0 2259
2 927
1 959
0 2014
2 964
1 1012
0 2053
2 947
1 1004
0 2033
2 1334
1 1400
0 2429
2 1148
1 1229
0 2264
2 916
1 1003
0 2032
2 918
1 1013
0 2043
2 909
1 1012
0 2049
2 892
1 1013
0 2043
2 884
1 1011
0 2053
2 863
1 995
0 2023
2 1080
1 1265
0 2330
2 783
1 1006
0 2036
2 792
1 1032
0 2064
2 816
0 2264
2 916
1 1003
0 2032
2 918
1 1013
0 2043
2 909
1 1012
0 2049
2 892
1 1013
0 2043
2 884
1 1011
0 2053
2 863
1 995
0 2023
2 1080
1 1265
0 2330
2 783
1 1006
0 2036
2 792
1 1032
0 2064
2 816
1 1013
0 2043
2 909
1 1012
0 2049
2 892
1 1013
0 2043
2 884
1 1011
0 2053
2 863
1 995
0 2023
2 1080
1 1265
0 2330
2 783
1 1006
0 2036
2 792
1 1032
0 2064
2 816
1 1011
0 2053
2 863
1 995
0 2023
2 1080
1 1265
0 2330
2 783
1 1006
0 2036
2 792
1 1032
0 2064
2 816
2 783
1 1006
0 2036
2 792
1 1032
0 2064
2 816
1 1016
0 2060
2 861
1 1031
0 2067
2 841
1 1024
0 2069
2 807
1 1018
0 2059
2 784
1 1001
0 2041
2 787
1 1010
0 2049
2 835
1 1070
0 2106
2 941
1 1182
0 2221
2 788
1 1039
0 2071
2 790
1 1097
0 2145
2 696
1 1003
0 2062
2 698
1 1014
0 2052
2 717
1 1044
0 2075
2 733
1 1020
0 2066
2 930
1 1187
0 2226
2 775
1 1044
0 2079
2 734
1 1008
0 2040
2 729
1 1008
0 2038
2 727
1 1015
0 2055
2 708
1 1000
0 2416
2 513
1 825
0 1973
2 867
1 1185
0 2368
2 651
1 965
0 2093
2 773
1 1100
0 2205
2 801
1 1090
0 2196
2 699
1 1044
0 2117
2 845
1 1146
0 2190
2 886
1 1187
0 2222
2 956
1 1267
0 2299
2 771
1 1155