2 1138
1 2319
0 2319
2 1032
1 2028
2 1086
0 1086
1 1042
2 1084
1 1264
2 1084
0 1084
1 1042
2 1085
1 1268
2 1139
0 1139
1 1095
2 1083
1 1265
2 1086
0 1086
1 1044
2 1095
1 1275
2 1083
0 1083
1 1059
2 1148
1 1450
2 1102
0 1102
1 1068
2 1114
1 1334
2 1103
0 1103
1 1050
2 1101
1 1307
2 1147
0 1147
1 1055
2 1094
1 1335
2 1092
0 1092
1 1047
2 1089
1 1275
2 1089
0 1089
1 1052
2 1114
1 1376
2 1086
0 1086
1 1082
2 1090
1 1278
2 1089
0 1089
1 1044
2 1095
1 1319
2 1093
0 1093
1 1049
2 1093
1 1338
2 1095
0 1095
1 1051
2 1089
1 1279
2 1085
0 1085
1 1047
2 1091
1 1305
2 1119
0 1119
1 1057
2 1156
1 1401
2 1112
0 1112
1 1062
2 1096
1 1296
2 1090
0 1090
1 1059
2 1100
1 1357
2 1097
0 1097
1 1054
2 1089
1 1279
2 1093
0 1093
1 1050
2 1100
1 1299
2 1088
0 1088
1 1051
2 1090
1 1328
2 1089
0 1089
1 1048
2 1081
1 1268
2 1084
0 1084
1 1047
2 1082
1 1266
2 1091
0 1091
1 1043
2 1087
1 1322
2 1092
0 1092
1 1047
2 1117
1 1313
2 1098
0 1098
1 1052
2 1096
1 1285
2 1086
0 1086
1 1055
2 1143
1 1330
2 1089
0 1089
1 1049
2 1088
1 1283
2 1084
0 1084
1 1045
2 1098
1 1287
2 1139
0 1139
1 1052
2 1087
1 1330
2 1089
0 1089
1 1046
2 1088
1 1274
2 1086
0 1086
1 1045
2 1086
1 1278
2 1139
0 1139
1 1045
2 1091
1 1324
2 1087
0 1087
1 1044
2 1083
1 1259
2 1084
0 1084
1 1044
2 1083
1 1261
2 1148
0 1148
1 1043
2 1086
1 1326
2 1086
0 1086
1 1045
2 1082
1 1275
2 1085
0 1085
1 1048
2 1090